SECRET_KEY="[
  197, 203, 194,  72,  46, 165,  85,  71, 231, 191, 126,
   10,  22, 201, 151, 161, 107,   5, 201, 127,  66,  60,
   24, 223, 251,  45,  59,  87,   8, 233,  60, 102,  19,
  226, 155, 199,  46, 255, 178,  78,   2, 233, 116, 112,
   75,  85,  41,  54,  64, 153,  69,  77,  44, 215,  91,
  238, 120,  89, 255, 136,  89, 109,  67, 105
]"

PUBLIC_KEY=2LdAH9DLBW984AxL7BXw3UP66irqzihRa28tSrEWf8Hn
WORK_NET='devnet'

SECRET_KEY_2="[
   39,  84,  35, 139, 253,  60,  10, 100, 144, 252, 176,
   98, 202, 194, 241, 110, 186,  46,  50,  19,  97,  90,
  183, 219, 209, 188,  81,   6, 182, 242, 144, 130, 135,
  127, 214,  94, 201, 222,  62,  22,   3,  10, 234,  63,
  170, 209, 246,  60,  34, 116,  91,  20,  34, 138,  20,
  112, 131, 142, 163, 235,   6, 250, 120,  94
]"
PUBLIC_KEY_2=A7w6kobW3L7oYsCxYuRVQsgSJBN8tdGQ2PwWYXa6kqc9